1 104.062
2 92.6719
3 90.5625
4 89.8242
5 89.4825
6 89.2969
7 89.1849
8 89.1123
9 89.0625
10 89.0269
11 89.0005
12 88.9805
13 88.9649
14 88.9525
15 88.9425
16 88.9343
17 88.9276
18 88.9219
19 88.9171
20 88.913
21 88.9094
22 88.9064
23 88.9037
24 88.9014
25 88.8993
26 88.8975
27 88.8958
28 88.8944
29 88.8931
30 88.8919
31 88.8908
32 88.8898
33 88.8889
34 88.8881
35 88.8874
36 88.8867
37 88.8861
38 88.8855
39 88.885
40 88.8845
41 88.884
42 88.8836
43 88.8832
44 88.8828
45 88.8825
46 88.8822
47 88.8819
48 88.8816
49 88.8813
50 88.8811
51 88.8808
52 88.8806
53 88.8804
54 88.8802
55 88.88
56 88.8798
57 88.8797
58 88.8795
59 88.8794
60 88.8792
61 88.8791
62 88.879
63 88.8788
64 88.8787
65 88.8786
66 88.8785
67 88.8784
68 88.8783
69 88.8782
70 88.8781
71 88.878
72 88.8779
73 88.8778
74 88.8778
75 88.8777
76 88.8776
77 88.8776
78 88.8775
79 88.8774
80 88.8774
81 88.8773
82 88.8773
83 88.8772
84 88.8772
85 88.8771
86 88.8771
87 88.877
88 88.877
89 88.8769
90 88.8769
91 88.8768
92 88.8768
93 88.8768
94 88.8767
95 88.8767
96 88.8766
97 88.8766
98 88.8766
99 88.8765
100 88.8765
101 88.8765
102 88.8765
103 88.8764
104 88.8764
105 88.8764
106 88.8764
107 88.8763
108 88.8763
109 88.8763
110 88.8763
111 88.8762
112 88.8762
113 88.8762
114 88.8762
115 88.8761
116 88.8761
117 88.8761
118 88.8761
119 88.8761
120 88.8761
121 88.876
122 88.876
123 88.876
124 88.876
125 88.876
126 88.876
127 88.8759
128 88.8759
129 88.8759
130 88.8759
131 88.8759
132 88.8759
133 88.8759
134 88.8758
135 88.8758
136 88.8758
137 88.8758
138 88.8758
139 88.8758
140 88.8758
141 88.8758
142 88.8758
143 88.8757
144 88.8757
145 88.8757
146 88.8757
147 88.8757
148 88.8757
149 88.8757
150 88.8757
151 88.8757
152 88.8757
153 88.8756
154 88.8756
155 88.8756
156 88.8756
157 88.8756
158 88.8756
159 88.8756
160 88.8756
161 88.8756
162 88.8756
163 88.8756
164 88.8756
165 88.8756
166 88.8756
167 88.8755
168 88.8755
169 88.8755
170 88.8755
171 88.8755
172 88.8755
173 88.8755
174 88.8755
175 88.8755
176 88.8755
177 88.8755
178 88.8755
179 88.8755
180 88.8755
181 88.8755
182 88.8755
183 88.8755
184 88.8754
185 88.8754
186 88.8754
187 88.8754
188 88.8754
189 88.8754
190 88.8754
191 88.8754
192 88.8754
193 88.8754
194 88.8754
195 88.8754
196 88.8754
197 88.8754
198 88.8754
199 88.8754
200 88.8754
201 88.8754
202 88.8754
203 88.8754
204 88.8754
205 88.8754
206 88.8754
207 88.8754
208 88.8754
209 88.8753
210 88.8753
211 88.8753
212 88.8753
213 88.8753
214 88.8753
215 88.8753
216 88.8753
217 88.8753
218 88.8753
219 88.8753
220 88.8753
221 88.8753
222 88.8753
223 88.8753
224 88.8753
225 88.8753
226 88.8753
227 88.8753
228 88.8753
229 88.8753
230 88.8753
231 88.8753
232 88.8753
233 88.8753
234 88.8753
235 88.8753
236 88.8753
237 88.8753
238 88.8753
239 88.8753
240 88.8753
241 88.8753
242 88.8753
243 88.8753
244 88.8753
245 88.8753
246 88.8753
247 88.8752
248 88.8752
249 88.8752
250 88.8752
251 88.8752
252 88.8752
253 88.8752
254 88.8752
255 88.8752
256 88.8752
257 88.8752
258 88.8752
259 88.8752
260 88.8752
261 88.8752
262 88.8752
263 88.8752
264 88.8752
265 88.8752
266 88.8752
267 88.8752
268 88.8752
269 88.8752
270 88.8752
271 88.8752
272 88.8752
273 88.8752
274 88.8752
275 88.8752
276 88.8752
277 88.8752
278 88.8752
279 88.8752
280 88.8752
281 88.8752
282 88.8752
283 88.8752
284 88.8752
285 88.8752
286 88.8752
287 88.8752
288 88.8752
289 88.8752
290 88.8752
291 88.8752
292 88.8752
293 88.8752
294 88.8752
295 88.8752
296 88.8752
297 88.8752
298 88.8752
299 88.8752
300 88.8752
301 88.8752
302 88.8752
303 88.8752
304 88.8752
305 88.8752
306 88.8752
307 88.8752
308 88.8752
309 88.8752
310 88.8752
311 88.8752
312 88.8752
313 88.8752
314 88.8752
315 88.8752
316 88.8752
317 88.8752
318 88.8752
319 88.8751
320 88.8751
321 88.8751
322 88.8751
323 88.8751
324 88.8751
325 88.8751
326 88.8751
327 88.8751
328 88.8751
329 88.8751
330 88.8751
331 88.8751
332 88.8751
333 88.8751
334 88.8751
335 88.8751
336 88.8751
337 88.8751
338 88.8751
339 88.8751
340 88.8751
341 88.8751
342 88.8751
343 88.8751
344 88.8751
345 88.8751
346 88.8751
347 88.8751
348 88.8751
349 88.8751
350 88.8751
351 88.8751
352 88.8751
353 88.8751
354 88.8751
355 88.8751
356 88.8751
357 88.8751
358 88.8751
359 88.8751
360 88.8751
361 88.8751
362 88.8751
363 88.8751
364 88.8751
365 88.8751
366 88.8751
367 88.8751
368 88.8751
369 88.8751
370 88.8751
371 88.8751
372 88.8751
373 88.8751
374 88.8751
375 88.8751
376 88.8751
377 88.8751
378 88.8751
379 88.8751
380 88.8751
381 88.8751
382 88.8751
383 88.8751
384 88.8751
385 88.8751
386 88.8751
387 88.8751
388 88.8751
389 88.8751
390 88.8751
391 88.8751
392 88.8751
393 88.8751
394 88.8751
395 88.8751
396 88.8751
397 88.8751
398 88.8751
399 88.8751
400 88.8751
401 88.8751
402 88.8751
403 88.8751
404 88.8751
405 88.8751
406 88.8751
407 88.8751
408 88.8751
409 88.8751
410 88.8751
411 88.8751
412 88.8751
413 88.8751
414 88.8751
415 88.8751
416 88.8751
417 88.8751
418 88.8751
419 88.8751
420 88.8751
421 88.8751
422 88.8751
423 88.8751
424 88.8751
425 88.8751
426 88.8751
427 88.8751
428 88.8751
429 88.8751
430 88.8751
431 88.8751
432 88.8751
433 88.8751
434 88.8751
435 88.8751
436 88.8751
437 88.8751
438 88.8751
439 88.8751
440 88.8751
441 88.8751
442 88.8751
443 88.8751
444 88.8751
445 88.8751
446 88.8751
447 88.8751
448 88.8751
449 88.8751
450 88.8751
451 88.8751
452 88.8751
453 88.8751
454 88.8751
455 88.8751
456 88.8751
457 88.8751
458 88.8751
459 88.8751
460 88.8751
461 88.8751
462 88.8751
463 88.8751
464 88.8751
465 88.8751
466 88.8751
467 88.8751
468 88.8751
469 88.8751
470 88.8751
471 88.8751
472 88.8751
473 88.8751
474 88.8751
475 88.8751
476 88.8751
477 88.8751
478 88.8751
479 88.8751
480 88.8751
481 88.8751
482 88.8751
483 88.8751
484 88.8751
485 88.8751
486 88.8751
487 88.8751
488 88.8751
489 88.8751
490 88.8751
491 88.8751
492 88.8751
493 88.8751
494 88.8751
495 88.8751
496 88.8751
497 88.8751
498 88.8751
499 88.8751
500 88.8751
501 88.8751
502 88.8751
503 88.8751
504 88.8751
505 88.8751
506 88.8751
507 88.8751
508 88.8751
509 88.8751
510 88.8751
511 88.8751
512 88.8751
513 88.8751
514 88.8751
515 88.8751
516 88.8751
517 88.8751
518 88.8751
519 88.8751
520 88.8751
521 88.8751
522 88.8751
523 88.8751
524 88.8751
525 88.8751
526 88.8751
527 88.8751
528 88.8751
529 88.8751
530 88.8751
531 88.8751
532 88.8751
533 88.8751
534 88.8751
535 88.8751
536 88.8751
537 88.8751
538 88.8751
539 88.8751
540 88.8751
541 88.8751
542 88.8751
543 88.8751
544 88.8751
545 88.8751
546 88.8751
547 88.8751
548 88.8751
549 88.8751
550 88.8751
551 88.8751
552 88.875
553 88.875
554 88.875
555 88.875
556 88.875
557 88.875
558 88.875
559 88.875
560 88.875
561 88.875
562 88.875
563 88.875
564 88.875
565 88.875
566 88.875
567 88.875
568 88.875
569 88.875
570 88.875
571 88.875
572 88.875
573 88.875
574 88.875
575 88.875
576 88.875
577 88.875
578 88.875
579 88.875
580 88.875
581 88.875
582 88.875
583 88.875
584 88.875
585 88.875
586 88.875
587 88.875
588 88.875
589 88.875
590 88.875
591 88.875
592 88.875
593 88.875
594 88.875
595 88.875
596 88.875
597 88.875
598 88.875
599 88.875
600 88.875
601 88.875
602 88.875
603 88.875
604 88.875
605 88.875
606 88.875
607 88.875
608 88.875
609 88.875
610 88.875
611 88.875
612 88.875
613 88.875
614 88.875
615 88.875
616 88.875
617 88.875
618 88.875
619 88.875
620 88.875
621 88.875
622 88.875
623 88.875
624 88.875
625 88.875
626 88.875
627 88.875
628 88.875
629 88.875
630 88.875
631 88.875
632 88.875
633 88.875
634 88.875
635 88.875
636 88.875
637 88.875
638 88.875
639 88.875
640 88.875
641 88.875
642 88.875
643 88.875
644 88.875
645 88.875
646 88.875
647 88.875
648 88.875
649 88.875
650 88.875
651 88.875
652 88.875
653 88.875
654 88.875
655 88.875
656 88.875
657 88.875
658 88.875
659 88.875
660 88.875
661 88.875
662 88.875
663 88.875
664 88.875
665 88.875
666 88.875
667 88.875
668 88.875
669 88.875
670 88.875
671 88.875
672 88.875
673 88.875
674 88.875
675 88.875
676 88.875
677 88.875
678 88.875
679 88.875
680 88.875
681 88.875
682 88.875
683 88.875
684 88.875
685 88.875
686 88.875
687 88.875
688 88.875
689 88.875
690 88.875
691 88.875
692 88.875
693 88.875
694 88.875
695 88.875
696 88.875
697 88.875
698 88.875
699 88.875
700 88.875
701 88.875
702 88.875
703 88.875
704 88.875
705 88.875
706 88.875
707 88.875
708 88.875
709 88.875
710 88.875
711 88.875
712 88.875
713 88.875
714 88.875
715 88.875
716 88.875
717 88.875
718 88.875
719 88.875
720 88.875
721 88.875
722 88.875
723 88.875
724 88.875
725 88.875
726 88.875
727 88.875
728 88.875
729 88.875
730 88.875
731 88.875
732 88.875
733 88.875
734 88.875
735 88.875
736 88.875
737 88.875
738 88.875
739 88.875
740 88.875
741 88.875
742 88.875
743 88.875
744 88.875
745 88.875
746 88.875
747 88.875
748 88.875
749 88.875
750 88.875
751 88.875
752 88.875
753 88.875
754 88.875
755 88.875
756 88.875
757 88.875
758 88.875
759 88.875
760 88.875
761 88.875
762 88.875
763 88.875
764 88.875
765 88.875
766 88.875
767 88.875
768 88.875
769 88.875
770 88.875
771 88.875
772 88.875
773 88.875
774 88.875
775 88.875
776 88.875
777 88.875
778 88.875
779 88.875
780 88.875
781 88.875
782 88.875
783 88.875
784 88.875
785 88.875
786 88.875
787 88.875
788 88.875
789 88.875
790 88.875
791 88.875
792 88.875
793 88.875
794 88.875
795 88.875
796 88.875
797 88.875
798 88.875
799 88.875
800 88.875
801 88.875
802 88.875
803 88.875
804 88.875
805 88.875
806 88.875
807 88.875
808 88.875
809 88.875
810 88.875
811 88.875
812 88.875
813 88.875
814 88.875
815 88.875
816 88.875
817 88.875
818 88.875
819 88.875
820 88.875
821 88.875
822 88.875
823 88.875
824 88.875
825 88.875
826 88.875
827 88.875
828 88.875
829 88.875
830 88.875
831 88.875
832 88.875
833 88.875
834 88.875
835 88.875
836 88.875
837 88.875
838 88.875
839 88.875
840 88.875
841 88.875
842 88.875
843 88.875
844 88.875
845 88.875
846 88.875
847 88.875
848 88.875
849 88.875
850 88.875
851 88.875
852 88.875
853 88.875
854 88.875
855 88.875
856 88.875
857 88.875
858 88.875
859 88.875
860 88.875
861 88.875
862 88.875
863 88.875
864 88.875
865 88.875
866 88.875
867 88.875
868 88.875
869 88.875
870 88.875
871 88.875
872 88.875
873 88.875
874 88.875
875 88.875
876 88.875
877 88.875
878 88.875
879 88.875
880 88.875
881 88.875
882 88.875
883 88.875
884 88.875
885 88.875
886 88.875
887 88.875
888 88.875
889 88.875
890 88.875
891 88.875
892 88.875
893 88.875
894 88.875
895 88.875
896 88.875
897 88.875
898 88.875
899 88.875
900 88.875
901 88.875
902 88.875
903 88.875
904 88.875
905 88.875
906 88.875
907 88.875
908 88.875
909 88.875
910 88.875
911 88.875
912 88.875
913 88.875
914 88.875
915 88.875
916 88.875
917 88.875
918 88.875
919 88.875
920 88.875
921 88.875
922 88.875
923 88.875
924 88.875
925 88.875
926 88.875
927 88.875
928 88.875
929 88.875
930 88.875
931 88.875
932 88.875
933 88.875
934 88.875
935 88.875
936 88.875
937 88.875
938 88.875
939 88.875
940 88.875
941 88.875
942 88.875
943 88.875
944 88.875
945 88.875
946 88.875
947 88.875
948 88.875
949 88.875
950 88.875
951 88.875
952 88.875
953 88.875
954 88.875
955 88.875
956 88.875
957 88.875
958 88.875
959 88.875
960 88.875
961 88.875
962 88.875
963 88.875
964 88.875
965 88.875
966 88.875
967 88.875
968 88.875
969 88.875
970 88.875
971 88.875
972 88.875
973 88.875
974 88.875
975 88.875
976 88.875
977 88.875
978 88.875
979 88.875
980 88.875
981 88.875
982 88.875
983 88.875
984 88.875
985 88.875
986 88.875
987 88.875
988 88.875
989 88.875
990 88.875
991 88.875
992 88.875
993 88.875
994 88.875
995 88.875
996 88.875
997 88.875
998 88.875
999 88.875
