1 337.639
2 204.016
3 173.303
4 161.927
5 156.54
6 153.58
7 151.784
8 150.614
9 149.809
10 149.233
11 148.806
12 148.48
13 148.227
14 148.026
15 147.864
16 147.731
17 147.62
18 147.528
19 147.45
20 147.383
21 147.326
22 147.276
23 147.232
24 147.194
25 147.16
26 147.131
27 147.104
28 147.08
29 147.059
30 147.04
31 147.022
32 147.006
33 146.992
34 146.979
35 146.967
36 146.955
37 146.945
38 146.936
39 146.927
40 146.919
41 146.912
42 146.905
43 146.898
44 146.892
45 146.887
46 146.881
47 146.877
48 146.872
49 146.868
50 146.863
51 146.86
52 146.856
53 146.853
54 146.849
55 146.846
56 146.843
57 146.841
58 146.838
59 146.836
60 146.833
61 146.831
62 146.829
63 146.827
64 146.825
65 146.823
66 146.821
67 146.82
68 146.818
69 146.816
70 146.815
71 146.814
72 146.812
73 146.811
74 146.81
75 146.808
76 146.807
77 146.806
78 146.805
79 146.804
80 146.803
81 146.802
82 146.801
83 146.8
84 146.8
85 146.799
86 146.798
87 146.797
88 146.796
89 146.796
90 146.795
91 146.794
92 146.794
93 146.793
94 146.792
95 146.792
96 146.791
97 146.791
98 146.79
99 146.79
100 146.789
101 146.789
102 146.788
103 146.788
104 146.787
105 146.787
106 146.786
107 146.786
108 146.786
109 146.785
110 146.785
111 146.785
112 146.784
113 146.784
114 146.783
115 146.783
116 146.783
117 146.783
118 146.782
119 146.782
120 146.782
121 146.781
122 146.781
123 146.781
124 146.781
125 146.78
126 146.78
127 146.78
128 146.78
129 146.779
130 146.779
131 146.779
132 146.779
133 146.778
134 146.778
135 146.778
136 146.778
137 146.778
138 146.777
139 146.777
140 146.777
141 146.777
142 146.777
143 146.777
144 146.776
145 146.776
146 146.776
147 146.776
148 146.776
149 146.776
150 146.775
151 146.775
152 146.775
153 146.775
154 146.775
155 146.775
156 146.775
157 146.774
158 146.774
159 146.774
160 146.774
161 146.774
162 146.774
163 146.774
164 146.774
165 146.774
166 146.773
167 146.773
168 146.773
169 146.773
170 146.773
171 146.773
172 146.773
173 146.773
174 146.773
175 146.773
176 146.772
177 146.772
178 146.772
179 146.772
180 146.772
181 146.772
182 146.772
183 146.772
184 146.772
185 146.772
186 146.772
187 146.772
188 146.771
189 146.771
190 146.771
191 146.771
192 146.771
193 146.771
194 146.771
195 146.771
196 146.771
197 146.771
198 146.771
199 146.771
200 146.771
201 146.771
202 146.771
203 146.77
204 146.77
205 146.77
206 146.77
207 146.77
208 146.77
209 146.77
210 146.77
211 146.77
212 146.77
213 146.77
214 146.77
215 146.77
216 146.77
217 146.77
218 146.77
219 146.77
220 146.77
221 146.77
222 146.769
223 146.769
224 146.769
225 146.769
226 146.769
227 146.769
228 146.769
229 146.769
230 146.769
231 146.769
232 146.769
233 146.769
234 146.769
235 146.769
236 146.769
237 146.769
238 146.769
239 146.769
240 146.769
241 146.769
242 146.769
243 146.769
244 146.769
245 146.769
246 146.769
247 146.768
248 146.768
249 146.768
250 146.768
251 146.768
252 146.768
253 146.768
254 146.768
255 146.768
256 146.768
257 146.768
258 146.768
259 146.768
260 146.768
261 146.768
262 146.768
263 146.768
264 146.768
265 146.768
266 146.768
267 146.768
268 146.768
269 146.768
270 146.768
271 146.768
272 146.768
273 146.768
274 146.768
275 146.768
276 146.768
277 146.768
278 146.768
279 146.768
280 146.768
281 146.768
282 146.768
283 146.768
284 146.768
285 146.767
286 146.767
287 146.767
288 146.767
289 146.767
290 146.767
291 146.767
292 146.767
293 146.767
294 146.767
295 146.767
296 146.767
297 146.767
298 146.767
299 146.767
300 146.767
301 146.767
302 146.767
303 146.767
304 146.767
305 146.767
306 146.767
307 146.767
308 146.767
309 146.767
310 146.767
311 146.767
312 146.767
313 146.767
314 146.767
315 146.767
316 146.767
317 146.767
318 146.767
319 146.767
320 146.767
321 146.767
322 146.767
323 146.767
324 146.767
325 146.767
326 146.767
327 146.767
328 146.767
329 146.767
330 146.767
331 146.767
332 146.767
333 146.767
334 146.767
335 146.767
336 146.767
337 146.767
338 146.767
339 146.767
340 146.767
341 146.767
342 146.767
343 146.767
344 146.767
345 146.767
346 146.767
347 146.766
348 146.766
349 146.766
350 146.766
351 146.766
352 146.766
353 146.766
354 146.766
355 146.766
356 146.766
357 146.766
358 146.766
359 146.766
360 146.766
361 146.766
362 146.766
363 146.766
364 146.766
365 146.766
366 146.766
367 146.766
368 146.766
369 146.766
370 146.766
371 146.766
372 146.766
373 146.766
374 146.766
375 146.766
376 146.766
377 146.766
378 146.766
379 146.766
380 146.766
381 146.766
382 146.766
383 146.766
384 146.766
385 146.766
386 146.766
387 146.766
388 146.766
389 146.766
390 146.766
391 146.766
392 146.766
393 146.766
394 146.766
395 146.766
396 146.766
397 146.766
398 146.766
399 146.766
400 146.766
401 146.766
402 146.766
403 146.766
404 146.766
405 146.766
406 146.766
407 146.766
408 146.766
409 146.766
410 146.766
411 146.766
412 146.766
413 146.766
414 146.766
415 146.766
416 146.766
417 146.766
418 146.766
419 146.766
420 146.766
421 146.766
422 146.766
423 146.766
424 146.766
425 146.766
426 146.766
427 146.766
428 146.766
429 146.766
430 146.766
431 146.766
432 146.766
433 146.766
434 146.766
435 146.766
436 146.766
437 146.766
438 146.766
439 146.766
440 146.766
441 146.766
442 146.766
443 146.766
444 146.766
445 146.766
446 146.766
447 146.766
448 146.766
449 146.766
450 146.766
451 146.766
452 146.766
453 146.766
454 146.766
455 146.766
456 146.766
457 146.766
458 146.766
459 146.766
460 146.766
461 146.766
462 146.766
463 146.766
464 146.766
465 146.766
466 146.766
467 146.766
468 146.766
469 146.766
470 146.766
471 146.766
472 146.766
473 146.766
474 146.766
475 146.766
476 146.766
477 146.766
478 146.766
479 146.766
480 146.766
481 146.766
482 146.766
483 146.765
484 146.765
485 146.765
486 146.765
487 146.765
488 146.765
489 146.765
490 146.765
491 146.765
492 146.765
493 146.765
494 146.765
495 146.765
496 146.765
497 146.765
498 146.765
499 146.765
500 146.765
501 146.765
502 146.765
503 146.765
504 146.765
505 146.765
506 146.765
507 146.765
508 146.765
509 146.765
510 146.765
511 146.765
512 146.765
513 146.765
514 146.765
515 146.765
516 146.765
517 146.765
518 146.765
519 146.765
520 146.765
521 146.765
522 146.765
523 146.765
524 146.765
525 146.765
526 146.765
527 146.765
528 146.765
529 146.765
530 146.765
531 146.765
532 146.765
533 146.765
534 146.765
535 146.765
536 146.765
537 146.765
538 146.765
539 146.765
540 146.765
541 146.765
542 146.765
543 146.765
544 146.765
545 146.765
546 146.765
547 146.765
548 146.765
549 146.765
550 146.765
551 146.765
552 146.765
553 146.765
554 146.765
555 146.765
556 146.765
557 146.765
558 146.765
559 146.765
560 146.765
561 146.765
562 146.765
563 146.765
564 146.765
565 146.765
566 146.765
567 146.765
568 146.765
569 146.765
570 146.765
571 146.765
572 146.765
573 146.765
574 146.765
575 146.765
576 146.765
577 146.765
578 146.765
579 146.765
580 146.765
581 146.765
582 146.765
583 146.765
584 146.765
585 146.765
586 146.765
587 146.765
588 146.765
589 146.765
590 146.765
591 146.765
592 146.765
593 146.765
594 146.765
595 146.765
596 146.765
597 146.765
598 146.765
599 146.765
600 146.765
601 146.765
602 146.765
603 146.765
604 146.765
605 146.765
606 146.765
607 146.765
608 146.765
609 146.765
610 146.765
611 146.765
612 146.765
613 146.765
614 146.765
615 146.765
616 146.765
617 146.765
618 146.765
619 146.765
620 146.765
621 146.765
622 146.765
623 146.765
624 146.765
625 146.765
626 146.765
627 146.765
628 146.765
629 146.765
630 146.765
631 146.765
632 146.765
633 146.765
634 146.765
635 146.765
636 146.765
637 146.765
638 146.765
639 146.765
640 146.765
641 146.765
642 146.765
643 146.765
644 146.765
645 146.765
646 146.765
647 146.765
648 146.765
649 146.765
650 146.765
651 146.765
652 146.765
653 146.765
654 146.765
655 146.765
656 146.765
657 146.765
658 146.765
659 146.765
660 146.765
661 146.765
662 146.765
663 146.765
664 146.765
665 146.765
666 146.765
667 146.765
668 146.765
669 146.765
670 146.765
671 146.765
672 146.765
673 146.765
674 146.765
675 146.765
676 146.765
677 146.765
678 146.765
679 146.765
680 146.765
681 146.765
682 146.765
683 146.765
684 146.765
685 146.765
686 146.765
687 146.765
688 146.765
689 146.765
690 146.765
691 146.765
692 146.765
693 146.765
694 146.765
695 146.765
696 146.765
697 146.765
698 146.765
699 146.765
700 146.765
701 146.765
702 146.765
703 146.765
704 146.765
705 146.765
706 146.765
707 146.765
708 146.765
709 146.765
710 146.765
711 146.765
712 146.765
713 146.765
714 146.765
715 146.765
716 146.765
717 146.765
718 146.765
719 146.765
720 146.765
721 146.765
722 146.765
723 146.765
724 146.765
725 146.765
726 146.765
727 146.765
728 146.765
729 146.765
730 146.765
731 146.765
732 146.765
733 146.765
734 146.765
735 146.765
736 146.765
737 146.765
738 146.765
739 146.765
740 146.765
741 146.765
742 146.765
743 146.765
744 146.765
745 146.765
746 146.765
747 146.765
748 146.765
749 146.765
750 146.765
751 146.765
752 146.765
753 146.765
754 146.765
755 146.765
756 146.765
757 146.765
758 146.765
759 146.765
760 146.765
761 146.765
762 146.765
763 146.765
764 146.765
765 146.765
766 146.765
767 146.765
768 146.765
769 146.765
770 146.765
771 146.765
772 146.765
773 146.765
774 146.765
775 146.765
776 146.765
777 146.765
778 146.765
779 146.765
780 146.765
781 146.765
782 146.765
783 146.765
784 146.765
785 146.765
786 146.765
787 146.765
788 146.765
789 146.765
790 146.765
791 146.765
792 146.765
793 146.765
794 146.765
795 146.765
796 146.765
797 146.765
798 146.765
799 146.765
800 146.765
801 146.765
802 146.765
803 146.765
804 146.765
805 146.765
806 146.765
807 146.765
808 146.765
809 146.765
810 146.765
811 146.765
812 146.765
813 146.765
814 146.765
815 146.765
816 146.765
817 146.765
818 146.765
819 146.765
820 146.765
821 146.765
822 146.765
823 146.765
824 146.765
825 146.765
826 146.765
827 146.765
828 146.765
829 146.765
830 146.765
831 146.765
832 146.765
833 146.765
834 146.765
835 146.765
836 146.765
837 146.765
838 146.765
839 146.765
840 146.765
841 146.765
842 146.765
843 146.765
844 146.765
845 146.765
846 146.765
847 146.765
848 146.765
849 146.765
850 146.765
851 146.765
852 146.765
853 146.765
854 146.765
855 146.765
856 146.765
857 146.765
858 146.765
859 146.765
860 146.765
861 146.765
862 146.765
863 146.765
864 146.765
865 146.765
866 146.765
867 146.765
868 146.765
869 146.765
870 146.765
871 146.765
872 146.765
873 146.765
874 146.765
875 146.765
876 146.765
877 146.765
878 146.765
879 146.765
880 146.765
881 146.765
882 146.765
883 146.765
884 146.765
885 146.765
886 146.765
887 146.765
888 146.765
889 146.765
890 146.765
891 146.765
892 146.765
893 146.765
894 146.765
895 146.765
896 146.765
897 146.765
898 146.765
899 146.765
900 146.765
901 146.765
902 146.765
903 146.765
904 146.765
905 146.765
906 146.765
907 146.765
908 146.765
909 146.765
910 146.765
911 146.765
912 146.765
913 146.765
914 146.765
915 146.765
916 146.765
917 146.765
918 146.765
919 146.765
920 146.765
921 146.765
922 146.765
923 146.765
924 146.765
925 146.765
926 146.765
927 146.765
928 146.765
929 146.765
930 146.765
931 146.765
932 146.765
933 146.765
934 146.765
935 146.765
936 146.765
937 146.765
938 146.765
939 146.765
940 146.765
941 146.765
942 146.765
943 146.765
944 146.765
945 146.765
946 146.765
947 146.765
948 146.765
949 146.765
950 146.765
951 146.765
952 146.765
953 146.765
954 146.765
955 146.765
956 146.765
957 146.765
958 146.765
959 146.765
960 146.765
961 146.765
962 146.765
963 146.765
964 146.765
965 146.765
966 146.765
967 146.765
968 146.765
969 146.765
970 146.765
971 146.765
972 146.765
973 146.765
974 146.765
975 146.765
976 146.765
977 146.765
978 146.765
979 146.765
980 146.765
981 146.765
982 146.765
983 146.765
984 146.765
985 146.765
986 146.765
987 146.765
988 146.765
989 146.765
990 146.765
991 146.765
992 146.765
993 146.765
994 146.765
995 146.765
996 146.765
997 146.765
998 146.765
999 146.765
