1 -1.07887
2 0.319301
3 0.478147
4 0.529918
5 0.553279
6 0.565816
7 0.573324
8 0.578177
9 0.581495
10 0.583864
11 0.585614
12 0.586944
13 0.587978
14 0.588798
15 0.589459
16 0.59
17 0.590448
18 0.590824
19 0.591141
20 0.591413
21 0.591646
22 0.591848
23 0.592025
24 0.592179
25 0.592316
26 0.592437
27 0.592545
28 0.592641
29 0.592728
30 0.592806
31 0.592877
32 0.592941
33 0.593
34 0.593053
35 0.593102
36 0.593147
37 0.593188
38 0.593226
39 0.593261
40 0.593294
41 0.593324
42 0.593352
43 0.593378
44 0.593403
45 0.593425
46 0.593447
47 0.593467
48 0.593485
49 0.593503
50 0.593519
51 0.593535
52 0.59355
53 0.593564
54 0.593577
55 0.593589
56 0.593601
57 0.593612
58 0.593622
59 0.593632
60 0.593642
61 0.593651
62 0.59366
63 0.593668
64 0.593676
65 0.593683
66 0.59369
67 0.593697
68 0.593704
69 0.59371
70 0.593716
71 0.593722
72 0.593727
73 0.593732
74 0.593737
75 0.593742
76 0.593747
77 0.593751
78 0.593756
79 0.59376
80 0.593764
81 0.593768
82 0.593771
83 0.593775
84 0.593778
85 0.593782
86 0.593785
87 0.593788
88 0.593791
89 0.593794
90 0.593797
91 0.593799
92 0.593802
93 0.593804
94 0.593807
95 0.593809
96 0.593812
97 0.593814
98 0.593816
99 0.593818
100 0.59382
101 0.593822
102 0.593824
103 0.593826
104 0.593828
105 0.593829
106 0.593831
107 0.593833
108 0.593834
109 0.593836
110 0.593838
111 0.593839
112 0.59384
113 0.593842
114 0.593843
115 0.593845
116 0.593846
117 0.593847
118 0.593848
119 0.59385
120 0.593851
121 0.593852
122 0.593853
123 0.593854
124 0.593855
125 0.593856
126 0.593857
127 0.593858
128 0.593859
129 0.59386
130 0.593861
131 0.593862
132 0.593863
133 0.593864
134 0.593865
135 0.593865
136 0.593866
137 0.593867
138 0.593868
139 0.593869
140 0.593869
141 0.59387
142 0.593871
143 0.593871
144 0.593872
145 0.593873
146 0.593873
147 0.593874
148 0.593875
149 0.593875
150 0.593876
151 0.593876
152 0.593877
153 0.593878
154 0.593878
155 0.593879
156 0.593879
157 0.59388
158 0.59388
159 0.593881
160 0.593881
161 0.593882
162 0.593882
163 0.593883
164 0.593883
165 0.593884
166 0.593884
167 0.593884
168 0.593885
169 0.593885
170 0.593886
171 0.593886
172 0.593886
173 0.593887
174 0.593887
175 0.593888
176 0.593888
177 0.593888
178 0.593889
179 0.593889
180 0.593889
181 0.59389
182 0.59389
183 0.59389
184 0.593891
185 0.593891
186 0.593891
187 0.593892
188 0.593892
189 0.593892
190 0.593893
191 0.593893
192 0.593893
193 0.593893
194 0.593894
195 0.593894
196 0.593894
197 0.593895
198 0.593895
199 0.593895
200 0.593895
201 0.593896
202 0.593896
203 0.593896
204 0.593896
205 0.593897
206 0.593897
207 0.593897
208 0.593897
209 0.593897
210 0.593898
211 0.593898
212 0.593898
213 0.593898
214 0.593898
215 0.593899
216 0.593899
217 0.593899
218 0.593899
219 0.593899
220 0.5939
221 0.5939
222 0.5939
223 0.5939
224 0.5939
225 0.593901
226 0.593901
227 0.593901
228 0.593901
229 0.593901
230 0.593901
231 0.593902
232 0.593902
233 0.593902
234 0.593902
235 0.593902
236 0.593902
237 0.593903
238 0.593903
239 0.593903
240 0.593903
241 0.593903
242 0.593903
243 0.593903
244 0.593904
245 0.593904
246 0.593904
247 0.593904
248 0.593904
249 0.593904
250 0.593904
251 0.593904
252 0.593905
253 0.593905
254 0.593905
255 0.593905
256 0.593905
257 0.593905
258 0.593905
259 0.593905
260 0.593906
261 0.593906
262 0.593906
263 0.593906
264 0.593906
265 0.593906
266 0.593906
267 0.593906
268 0.593906
269 0.593907
270 0.593907
271 0.593907
272 0.593907
273 0.593907
274 0.593907
275 0.593907
276 0.593907
277 0.593907
278 0.593907
279 0.593908
280 0.593908
281 0.593908
282 0.593908
283 0.593908
284 0.593908
285 0.593908
286 0.593908
287 0.593908
288 0.593908
289 0.593908
290 0.593908
291 0.593909
292 0.593909
293 0.593909
294 0.593909
295 0.593909
296 0.593909
297 0.593909
298 0.593909
299 0.593909
300 0.593909
301 0.593909
302 0.593909
303 0.593909
304 0.59391
305 0.59391
306 0.59391
307 0.59391
308 0.59391
309 0.59391
310 0.59391
311 0.59391
312 0.59391
313 0.59391
314 0.59391
315 0.59391
316 0.59391
317 0.59391
318 0.59391
319 0.593911
320 0.593911
321 0.593911
322 0.593911
323 0.593911
324 0.593911
325 0.593911
326 0.593911
327 0.593911
328 0.593911
329 0.593911
330 0.593911
331 0.593911
332 0.593911
333 0.593911
334 0.593911
335 0.593911
336 0.593911
337 0.593912
338 0.593912
339 0.593912
340 0.593912
341 0.593912
342 0.593912
343 0.593912
344 0.593912
345 0.593912
346 0.593912
347 0.593912
348 0.593912
349 0.593912
350 0.593912
351 0.593912
352 0.593912
353 0.593912
354 0.593912
355 0.593912
356 0.593912
357 0.593913
358 0.593913
359 0.593913
360 0.593913
361 0.593913
362 0.593913
363 0.593913
364 0.593913
365 0.593913
366 0.593913
367 0.593913
368 0.593913
369 0.593913
370 0.593913
371 0.593913
372 0.593913
373 0.593913
374 0.593913
375 0.593913
376 0.593913
377 0.593913
378 0.593913
379 0.593913
380 0.593913
381 0.593913
382 0.593914
383 0.593914
384 0.593914
385 0.593914
386 0.593914
387 0.593914
388 0.593914
389 0.593914
390 0.593914
391 0.593914
392 0.593914
393 0.593914
394 0.593914
395 0.593914
396 0.593914
397 0.593914
398 0.593914
399 0.593914
400 0.593914
401 0.593914
402 0.593914
403 0.593914
404 0.593914
405 0.593914
406 0.593914
407 0.593914
408 0.593914
409 0.593914
410 0.593914
411 0.593914
412 0.593914
413 0.593915
414 0.593915
415 0.593915
416 0.593915
417 0.593915
418 0.593915
419 0.593915
420 0.593915
421 0.593915
422 0.593915
423 0.593915
424 0.593915
425 0.593915
426 0.593915
427 0.593915
428 0.593915
429 0.593915
430 0.593915
431 0.593915
432 0.593915
433 0.593915
434 0.593915
435 0.593915
436 0.593915
437 0.593915
438 0.593915
439 0.593915
440 0.593915
441 0.593915
442 0.593915
443 0.593915
444 0.593915
445 0.593915
446 0.593915
447 0.593915
448 0.593915
449 0.593915
450 0.593915
451 0.593915
452 0.593915
453 0.593915
454 0.593916
455 0.593916
456 0.593916
457 0.593916
458 0.593916
459 0.593916
460 0.593916
461 0.593916
462 0.593916
463 0.593916
464 0.593916
465 0.593916
466 0.593916
467 0.593916
468 0.593916
469 0.593916
470 0.593916
471 0.593916
472 0.593916
473 0.593916
474 0.593916
475 0.593916
476 0.593916
477 0.593916
478 0.593916
479 0.593916
480 0.593916
481 0.593916
482 0.593916
483 0.593916
484 0.593916
485 0.593916
486 0.593916
487 0.593916
488 0.593916
489 0.593916
490 0.593916
491 0.593916
492 0.593916
493 0.593916
494 0.593916
495 0.593916
496 0.593916
497 0.593916
498 0.593916
499 0.593916
500 0.593916
501 0.593916
502 0.593916
503 0.593916
504 0.593916
505 0.593916
506 0.593916
507 0.593916
508 0.593916
509 0.593917
510 0.593917
511 0.593917
512 0.593917
513 0.593917
514 0.593917
515 0.593917
516 0.593917
517 0.593917
518 0.593917
519 0.593917
520 0.593917
521 0.593917
522 0.593917
523 0.593917
524 0.593917
525 0.593917
526 0.593917
527 0.593917
528 0.593917
529 0.593917
530 0.593917
531 0.593917
532 0.593917
533 0.593917
534 0.593917
535 0.593917
536 0.593917
537 0.593917
538 0.593917
539 0.593917
540 0.593917
541 0.593917
542 0.593917
543 0.593917
544 0.593917
545 0.593917
546 0.593917
547 0.593917
548 0.593917
549 0.593917
550 0.593917
551 0.593917
552 0.593917
553 0.593917
554 0.593917
555 0.593917
556 0.593917
557 0.593917
558 0.593917
559 0.593917
560 0.593917
561 0.593917
562 0.593917
563 0.593917
564 0.593917
565 0.593917
566 0.593917
567 0.593917
568 0.593917
569 0.593917
570 0.593917
571 0.593917
572 0.593917
573 0.593917
574 0.593917
575 0.593917
576 0.593917
577 0.593917
578 0.593917
579 0.593917
580 0.593917
581 0.593917
582 0.593917
583 0.593917
584 0.593917
585 0.593917
586 0.593917
587 0.593917
588 0.593917
589 0.593917
590 0.593917
591 0.593918
592 0.593918
593 0.593918
594 0.593918
595 0.593918
596 0.593918
597 0.593918
598 0.593918
599 0.593918
600 0.593918
601 0.593918
602 0.593918
603 0.593918
604 0.593918
605 0.593918
606 0.593918
607 0.593918
608 0.593918
609 0.593918
610 0.593918
611 0.593918
612 0.593918
613 0.593918
614 0.593918
615 0.593918
616 0.593918
617 0.593918
618 0.593918
619 0.593918
620 0.593918
621 0.593918
622 0.593918
623 0.593918
624 0.593918
625 0.593918
626 0.593918
627 0.593918
628 0.593918
629 0.593918
630 0.593918
631 0.593918
632 0.593918
633 0.593918
634 0.593918
635 0.593918
636 0.593918
637 0.593918
638 0.593918
639 0.593918
640 0.593918
641 0.593918
642 0.593918
643 0.593918
644 0.593918
645 0.593918
646 0.593918
647 0.593918
648 0.593918
649 0.593918
650 0.593918
651 0.593918
652 0.593918
653 0.593918
654 0.593918
655 0.593918
656 0.593918
657 0.593918
658 0.593918
659 0.593918
660 0.593918
661 0.593918
662 0.593918
663 0.593918
664 0.593918
665 0.593918
666 0.593918
667 0.593918
668 0.593918
669 0.593918
670 0.593918
671 0.593918
672 0.593918
673 0.593918
674 0.593918
675 0.593918
676 0.593918
677 0.593918
678 0.593918
679 0.593918
680 0.593918
681 0.593918
682 0.593918
683 0.593918
684 0.593918
685 0.593918
686 0.593918
687 0.593918
688 0.593918
689 0.593918
690 0.593918
691 0.593918
692 0.593918
693 0.593918
694 0.593918
695 0.593918
696 0.593918
697 0.593918
698 0.593918
699 0.593918
700 0.593918
701 0.593918
702 0.593918
703 0.593918
704 0.593918
705 0.593918
706 0.593918
707 0.593918
708 0.593918
709 0.593918
710 0.593918
711 0.593918
712 0.593918
713 0.593918
714 0.593918
715 0.593918
716 0.593918
717 0.593918
718 0.593918
719 0.593918
720 0.593918
721 0.593918
722 0.593918
723 0.593918
724 0.593918
725 0.593918
726 0.593918
727 0.593918
728 0.593918
729 0.593918
730 0.593918
731 0.593919
732 0.593919
733 0.593919
734 0.593919
735 0.593919
736 0.593919
737 0.593919
738 0.593919
739 0.593919
740 0.593919
741 0.593919
742 0.593919
743 0.593919
744 0.593919
745 0.593919
746 0.593919
747 0.593919
748 0.593919
749 0.593919
750 0.593919
751 0.593919
752 0.593919
753 0.593919
754 0.593919
755 0.593919
756 0.593919
757 0.593919
758 0.593919
759 0.593919
760 0.593919
761 0.593919
762 0.593919
763 0.593919
764 0.593919
765 0.593919
766 0.593919
767 0.593919
768 0.593919
769 0.593919
770 0.593919
771 0.593919
772 0.593919
773 0.593919
774 0.593919
775 0.593919
776 0.593919
777 0.593919
778 0.593919
779 0.593919
780 0.593919
781 0.593919
782 0.593919
783 0.593919
784 0.593919
785 0.593919
786 0.593919
787 0.593919
788 0.593919
789 0.593919
790 0.593919
791 0.593919
792 0.593919
793 0.593919
794 0.593919
795 0.593919
796 0.593919
797 0.593919
798 0.593919
799 0.593919
800 0.593919
801 0.593919
802 0.593919
803 0.593919
804 0.593919
805 0.593919
806 0.593919
807 0.593919
808 0.593919
809 0.593919
810 0.593919
811 0.593919
812 0.593919
813 0.593919
814 0.593919
815 0.593919
816 0.593919
817 0.593919
818 0.593919
819 0.593919
820 0.593919
821 0.593919
822 0.593919
823 0.593919
824 0.593919
825 0.593919
826 0.593919
827 0.593919
828 0.593919
829 0.593919
830 0.593919
831 0.593919
832 0.593919
833 0.593919
834 0.593919
835 0.593919
836 0.593919
837 0.593919
838 0.593919
839 0.593919
840 0.593919
841 0.593919
842 0.593919
843 0.593919
844 0.593919
845 0.593919
846 0.593919
847 0.593919
848 0.593919
849 0.593919
850 0.593919
851 0.593919
852 0.593919
853 0.593919
854 0.593919
855 0.593919
856 0.593919
857 0.593919
858 0.593919
859 0.593919
860 0.593919
861 0.593919
862 0.593919
863 0.593919
864 0.593919
865 0.593919
866 0.593919
867 0.593919
868 0.593919
869 0.593919
870 0.593919
871 0.593919
872 0.593919
873 0.593919
874 0.593919
875 0.593919
876 0.593919
877 0.593919
878 0.593919
879 0.593919
880 0.593919
881 0.593919
882 0.593919
883 0.593919
884 0.593919
885 0.593919
886 0.593919
887 0.593919
888 0.593919
889 0.593919
890 0.593919
891 0.593919
892 0.593919
893 0.593919
894 0.593919
895 0.593919
896 0.593919
897 0.593919
898 0.593919
899 0.593919
900 0.593919
901 0.593919
902 0.593919
903 0.593919
904 0.593919
905 0.593919
906 0.593919
907 0.593919
908 0.593919
909 0.593919
910 0.593919
911 0.593919
912 0.593919
913 0.593919
914 0.593919
915 0.593919
916 0.593919
917 0.593919
918 0.593919
919 0.593919
920 0.593919
921 0.593919
922 0.593919
923 0.593919
924 0.593919
925 0.593919
926 0.593919
927 0.593919
928 0.593919
929 0.593919
930 0.593919
931 0.593919
932 0.593919
933 0.593919
934 0.593919
935 0.593919
936 0.593919
937 0.593919
938 0.593919
939 0.593919
940 0.593919
941 0.593919
942 0.593919
943 0.593919
944 0.593919
945 0.593919
946 0.593919
947 0.593919
948 0.593919
949 0.593919
950 0.593919
951 0.593919
952 0.593919
953 0.593919
954 0.593919
955 0.593919
956 0.593919
957 0.593919
958 0.593919
959 0.593919
960 0.593919
961 0.593919
962 0.593919
963 0.593919
964 0.593919
965 0.593919
966 0.593919
967 0.593919
968 0.593919
969 0.593919
970 0.593919
971 0.593919
972 0.593919
973 0.593919
974 0.593919
975 0.593919
976 0.593919
977 0.593919
978 0.593919
979 0.593919
980 0.593919
981 0.593919
982 0.593919
983 0.593919
984 0.593919
985 0.593919
986 0.593919
987 0.593919
988 0.593919
989 0.593919
990 0.593919
991 0.593919
992 0.593919
993 0.593919
994 0.593919
995 0.593919
996 0.593919
997 0.593919
998 0.593919
999 0.593919
